[0, 0, 0, 560354.342700227, 0.87348232235837153]
[0, 0, 0, 559273.5190455753, 0.87605712233816446]
[0, 0, 0, 591863.1540297208, 0.72342286809109302]
[0, 0, 0, 567134.9243871418, 0.85294225979930538]
[0, 0, 0, 600570.8203359008, 0.66307176297186121]
[0, 0, 536931.8741249869, 0, 1.1380177787566864e-24]
[0, 0, 0, 639111.8143481791, 0.37586181752509984]
[0, 0, 0, 572941.6030656885, 0.82965060367746035]
[0, 0, 0, 601640.7019623556, 0.65532686592288669]
[0, 0, 0, 580158.8557668169, 0.79408610584338191]
[0, 0, 0, 556411.6710242192, 0.88191583855142275]
[0, 0, 585080.9491805353, 0, 7.1102566501852194e-27]
[0, 0, 0, 541547.506369989, 0.88924029452940534]
[0, 0, 0, 579143.0543651988, 0.7995014346574103]
[0, 0, 0, 562445.2422595117, 0.86794693050399629]
[0, 0, 0, 524281.7872656223, 0.84937442233617333]
[0, 0, 0, 609026.6801448987, 0.60050942077220004]
[0, 0, 0, 614525.3200025641, 0.55872631270766437]
[0, 0, 0, 569035.0358468143, 0.84587712007728066]
[0, 0, 0, 557028.5614531193, 0.88077161855067243]
[0, 0, 0, 543058.9866146753, 0.89028772371811282]
[0, 0, 0, 554301.7341529522, 0.88533112175042805]
[0, 0, 0, 587642.6082513793, 0.75051488060655835]
[0, 0, 578375.0550282568, 0, 1.4823495356785298e-26]
[0, 0, 0, 571775.0796905323, 0.83472982829435405]
[0, 0, 0, 560044.4948560669, 0.87424056895945168]
[0, 0, 0, 541854.4290164461, 0.8894857709755416]
[562019.0987735235, 0, 0, 0, 1.8867597506225825e-27]
[0, 0, 575543.9320120624, 0, 2.0159621560772006e-26]
[0, 576540.9574859394, 0, 0, 3.611218340495932e-28]
[0, 0, 0, 577976.0662908186, 0.8055631263097629]
[0, 0, 0, 609119.0844719366, 0.59981203852087339]
[0, 0, 0, 565584.4082290618, 0.85829187844489951]
[0, 0, 0, 565256.2175900803, 0.85937551468443474]
[0, 0, 0, 544621.7369124211, 0.89094384446067543]
[0, 0, 0, 598028.6879785652, 0.68121764197228252]
[0, 0, 0, 616915.6803925534, 0.54046112877296915]
[0, 0, 0, 535323.4251799239, 0.88068962579161614]
[0, 0, 0, 598324.3175318531, 0.67912726317133598]
[0, 0, 0, 557840.4126950076, 0.87916606103742168]
[0, 0, 0, 585335.200025694, 0.76460032787745236]
[0, 0, 0, 569907.7602751608, 0.84244784089888569]
[0, 0, 0, 560290.3963665619, 0.8736401290131085]
[0, 0, 0, 592683.1670963223, 0.71797689741643833]
[0, 604349.0688767089, 0, 0, 1.3536412172600645e-29]
[0, 0, 0, 570637.2157991794, 0.83949407178916602]
[0, 0, 0, 551346.0932885862, 0.88880584963075737]
[0, 0, 0, 553643.3522825136, 0.8862379857108067]
[0, 0, 0, 605619.9200001513, 0.62604769548824857]
[0, 0, 0, 603981.3695930765, 0.63818704886576438]
[0, 0, 0, 611616.9962244645, 0.58088792446453164]
[0, 572802.4221149901, 0, 0, 5.5496301930208968e-28]
[0, 0, 0, 584741.0733926184, 0.76813731187913659]
[0, 0, 0, 566350.4270517615, 0.85569618677774217]
[0, 582529.2528080441, 0, 0, 1.8039157774994453e-28]
[0, 0, 0, 572842.3653685227, 0.83009028648849714]
[0, 0, 0, 516585.17368786625, 0.81634826414055961]
[0, 0, 0, 562471.7278381883, 0.86787217168897202]
[0, 0, 0, 583772.5650353926, 0.77382107238598286]
[0, 0, 0, 583127.5691642787, 0.77754866403996781]
[0, 0, 0, 554042.6822326232, 0.88569699477310704]
[0, 0, 0, 554498.0707269426, 0.88504601250564485]
[0, 598282.2628066224, 0, 0, 2.8078280985455923e-29]
[0, 0, 0, 588632.0703550528, 0.74431169356963545]
[0, 0, 0, 570754.4928724186, 0.83901181986354101]
[0, 0, 0, 553412.6436275659, 0.88653780169679508]
[0, 0, 0, 561470.7369913395, 0.87061714369615006]
[0, 0, 0, 567360.5184516624, 0.85213255073366978]
[0, 0, 0, 551049.9053557479, 0.88906917169826993]
[0, 0, 0, 577366.1237263826, 0.8086619701882809]
[0, 0, 0, 557976.6236650915, 0.87888562059892517]
[534554.9808194458, 0, 0, 0, 3.8340428997508439e-26]
[0, 0, 0, 553838.9856533497, 0.88597644136433151]
[0, 0, 0, 563254.3608673087, 0.86561118141164606]
[0, 545154.4994829589, 0, 0, 1.2207674948534053e-26]
[0, 0, 0, 566032.4893651019, 0.85678478547712744]
[0, 0, 0, 599857.5612315336, 0.66820085675448293]
[552699.2060032642, 0, 0, 0, 5.3322135229128881e-27]
[0, 0, 0, 572741.8044762379, 0.83053440084289865]
[0, 0, 0, 564576.4592426479, 0.86156529505868928]
[0, 0, 0, 579680.7045622298, 0.79665106837787658]
[0, 0, 0, 561310.2156675335, 0.87104190062139708]
[0, 0, 0, 612669.5587093723, 0.57287950923136122]
[0, 0, 0, 572470.6211004845, 0.83172484761799115]
[0, 0, 0, 560117.0162531049, 0.87406454304311754]
[0, 0, 0, 558861.8549590915, 0.87698592282836618]
[0, 0, 0, 585247.1026918602, 0.7651271739365908]
[0, 0, 0, 533613.5272269452, 0.87716419675996671]
[0, 0, 582179.1506065021, 0, 9.7820929038332131e-27]
[0, 0, 0, 540012.2210938609, 0.88776226880487952]
[0, 0, 0, 569699.6583825925, 0.84327595425345681]
[0, 0, 0, 567856.8449254031, 0.85032335721061869]
[0, 0, 0, 553988.8396210192, 0.88577156631359411]
[0, 0, 0, 623348.9562542374, 0.4914174756469129]
[0, 0, 570323.5138319285, 0, 3.5390063393521181e-26]
[0, 0, 0, 572310.341957787, 0.83242349006600991]
[0, 0, 0, 570326.422258083, 0.84076223297424346]
[0, 0, 0, 546074.2962609996, 0.89116372739064253]
[0, 0, 0, 535374.7590323596, 0.88078772025225727]
[0, 0, 0, 596477.3679223871, 0.69209453575572977]
