[574596.4348470188, 0, 0, 0, 1.4017794217340209e-28]
[0, 635812.7726822605, 0, 0, 0.35441862263688834]
[0, 0, 0, 638074.427366221, 6.3616744759573965e-32]
[0, 622137.0452732345, 0, 0, 0.43453531644134513]
[0, 610943.3660268437, 0, 0, 0.49932125171328123]
[0, 629625.25102476, 0, 0, 0.39045776526043846]
[0, 601676.4296652372, 0, 0, 0.54968225753025812]
[0, 583694.2483049467, 0, 0, 0.63068175055608544]
[0, 582768.8744686117, 0, 0, 0.63404856143108634]
[0, 636956.3093475081, 0, 0, 0.34784010725544073]
[0, 563749.0823356048, 0, 0, 0.68104014541808167]
[0, 578031.3951760705, 0, 0, 0.64982300430714024]
[0, 633433.9491255615, 0, 0, 0.36819614853791161]
[0, 651507.9161986208, 0, 0, 0.26786645539390486]
[0, 592746.7949434561, 0, 0, 0.59329081638718884]
[0, 624039.0163356048, 0, 0, 0.42333888239344136]
[0, 0, 573784.4331502013, 0, 1.7426941101407404e-25]
[0, 649835.377864377, 0, 0, 0.27662720946065161]
[0, 623007.0855545279, 0, 0, 0.42941587375321916]
[0, 0, 0, 657708.2241960525, 4.9966285072229317e-33]
[0, 616759.0630842656, 0, 0, 0.46599455524061106]
[0, 579144.9340716809, 0, 0, 0.64634108686112735]
[0, 589630.6000651539, 0, 0, 0.60702684836413101]
[0, 581070.7340083792, 0, 0, 0.63998858753101784]
[0, 652247.7910977607, 0, 0, 0.26403290282117042]
[0, 598677.6682590971, 0, 0, 0.56496114839294898]
[0, 614044.1053833183, 0, 0, 0.48167162149725401]
[0, 631840.9449756329, 0, 0, 0.37748165309254073]
[0, 606700.3252184961, 0, 0, 0.52289374472814221]
[0, 604295.2714686486, 0, 0, 0.53588850888740769]
[0, 0, 0, 606388.9954559392, 3.2813586000271181e-30]
[0, 614513.5044013092, 0, 0, 0.4789744170321199]
[0, 601768.0583932925, 0, 0, 0.54920641434466322]
[0, 601439.4412769165, 0, 0, 0.55091060012371629]
[0, 597129.2256055097, 0, 0, 0.57261277061423732]
[0, 599606.3467654304, 0, 0, 0.56029231840538396]
[0, 610512.4327670061, 0, 0, 0.50174844353979653]
[0, 598017.6643850182, 0, 0, 0.56824329110707539]
[0, 604692.8277375743, 0, 0, 0.53376100012661409]
[614315.2828556054, 0, 0, 0, 1.2469396258035549e-30]
[0, 590076.3555023881, 0, 0, 0.60511468479598274]
[0, 618783.6990519444, 0, 0, 0.45420063519887033]
[0, 605036.634433101, 0, 0, 0.53191438429969573]
[0, 604896.1697493477, 0, 0, 0.53266958070562853]
[0, 611145.9649635983, 0, 0, 0.49817779874970169]
[0, 622776.6647988028, 0, 0, 0.43077215056569679]
[0, 587346.4412062569, 0, 0, 0.61653589849551427]
[0, 612807.6644428575, 0, 0, 0.48874613426123276]
[0, 612609.6966379026, 0, 0, 0.4898745413293113]
[0, 617934.0687229943, 0, 0, 0.4591589525282348]
[0, 614965.0903664338, 0, 0, 0.47637401042757399]
[0, 635963.8293920431, 0, 0, 0.35354784537739903]
[0, 631690.0054304868, 0, 0, 0.37836356269020777]
[0, 659833.3222582637, 0, 0, 0.22632480184888276]
[0, 588042.7278170116, 0, 0, 0.61368939810015755]
[0, 592698.7874095183, 0, 0, 0.59350879766911091]
[0, 581446.2461397882, 0, 0, 0.6387020085187689]
[0, 591595.3230035873, 0, 0, 0.59846523837412047]
[0, 601634.4321855969, 0, 0, 0.54990018657431261]
[0, 590795.1286476679, 0, 0, 0.60199364120300947]
[0, 638295.5360557261, 0, 0, 0.34017777584514591]
[0, 619540.7387940012, 0, 0, 0.4497730795818623]
[0, 607682.6404334072, 0, 0, 0.51750503600764075]
[0, 621860.9347234971, 0, 0, 0.43615891129041856]
[0, 628746.5647883905, 0, 0, 0.39561885025360299]
[0, 575078.0274430326, 0, 0, 0.65835775512979733]
[0, 569271.9239848113, 0, 0, 0.67203804630964015]
[0, 622660.9573333091, 0, 0, 0.431453101707861]
[0, 624040.2150684979, 0, 0, 0.42333182093095717]
[0, 605651.3576037448, 0, 0, 0.5285974137223608]
[0, 566954.2443549777, 0, 0, 0.67630343526462788]
[0, 606086.4913839767, 0, 0, 0.52623795516004235]
[0, 617675.7461470313, 0, 0, 0.46066400349254394]
[638803.9784183862, 0, 0, 0, 5.7958191802641503e-32]
[0, 630992.3780355181, 0, 0, 0.38244386365532712]
[0, 618104.4797004274, 0, 0, 0.45816544161714062]
[0, 0, 614726.8904925236, 0, 2.2173842665604422e-27]
[0, 587956.4013264515, 0, 0, 0.61404482917356495]
[0, 622946.700145427, 0, 0, 0.42977133540065493]
[0, 593883.6995328242, 0, 0, 0.58807273462961429]
[0, 606827.9776791091, 0, 0, 0.52219601613527822]
[0, 659729.3601340431, 0, 0, 0.22682095207925262]
[599528.619047083, 0, 0, 0, 7.5049471216968025e-30]
[0, 630310.9191191895, 0, 0, 0.38643576026898308]
[0, 599546.2971440315, 0, 0, 0.56059596524493827]
[0, 624519.117223725, 0, 0, 0.42051045136240917]
[0, 0, 587762.3822280423, 0, 4.0784796922675597e-26]
[0, 634840.4408915561, 0, 0, 0.36003593322246352]
[624606.6186548031, 0, 0, 0, 3.4842792615702907e-31]
[0, 595760.3903186211, 0, 0, 0.57923176689702138]
[0, 595034.33917419, 0, 0, 0.58268494893744638]
[0, 614519.8584970575, 0, 0, 0.47893786490585727]
[0, 593949.4752978891, 0, 0, 0.58776760043664511]
[0, 574379.9290161027, 0, 0, 0.66022315310848934]
[0, 636269.765890183, 0, 0, 0.35178588289392981]
[0, 646056.9735929073, 0, 0, 0.29687570626844301]
[0, 0, 624697.3570495212, 0, 7.2815644582701085e-28]
[0, 625765.6038816685, 0, 0, 0.41316597194399152]
[0, 584826.1559130738, 0, 0, 0.62644190785242404]
[0, 0, 0, 632820.7841381562, 1.2403449597045698e-31]
