[665803.7147106095, 0, 0, 0, 0.98815920112989952]
[0, 0, 721339.0380879411, 0, 3.2657081811131827e-43]
[709706.3089926322, 0, 0, 0, 0.8968873792540516]
[721862.1129676721, 0, 0, 0, 0.81562384802514709]
[692230.2277501554, 0, 0, 0, 0.97622330759404019]
[739374.4685475507, 0, 0, 0, 0.67530736231563038]
[672607.639466739, 0, 0, 0, 0.99831218429118196]
[0, 0, 679480.6453104472, 0, 1.1495003995885594e-40]
[699543.8141928877, 0, 0, 0, 0.94923085431475873]
[656123.5779655416, 0, 0, 0, 0.95847509933070973]
[714527.686391504, 0, 0, 0, 0.86678902279587977]
[657018.4736783705, 0, 0, 0, 0.96193743665779685]
[702189.8724683078, 0, 0, 0, 0.93717685448736865]
[0, 0, 0, 619495.1564295688, 2.7830347946615583e-37]
[0, 0, 0, 696984.5444111952, 1.0330976603444626e-41]
[0, 0, 695529.6550258069, 0, 1.2651075507901341e-41]
[0, 0, 0, 707942.4260879459, 2.2158685941323053e-42]
[663419.636782721, 0, 0, 0, 0.98247165058478714]
[666661.7847855549, 0, 0, 0, 0.98993885653749525]
[720199.2229731285, 0, 0, 0, 0.82773313661121217]
[698264.5525920284, 0, 0, 0, 0.9546344558987403]
[0, 0, 0, 677831.3967291131, 1.4378974016668264e-40]
[642870.4307498194, 0, 0, 0, 0.89175520792585428]
[702540.5821390415, 0, 0, 0, 0.93549241822474094]
[675546.4138651886, 0, 0, 0, 0.999862823442215]
[669939.1845887823, 0, 0, 0, 0.99541574263935839]
[0, 0, 0, 678453.2412820435, 1.3215986302878614e-40]
[696725.2846346428, 0, 0, 0, 0.96076020054108247]
[687755.0890719028, 0, 0, 0, 0.98789146123655658]
[687546.2882118779, 0, 0, 0, 0.98834260029287957]
[670335.3923221282, 0, 0, 0, 0.99593492781853143]
[708086.7286576706, 0, 0, 0, 0.90628474529136127]
[703518.2864282174, 0, 0, 0, 0.93069164847380925]
[687592.2603208878, 0, 0, 0, 0.98824399416602038]
[666105.8702493772, 0, 0, 0, 0.98880212187323269]
[630428.1274181919, 0, 0, 0, 0.80712861490218202]
[750511.2531855172, 0, 0, 0, 0.58010325010292396]
[702738.9969446338, 0, 0, 0, 0.93453060362361973]
[688007.102575959, 0, 0, 0, 0.98733576424664105]
[649888.2653679277, 0, 0, 0, 0.93054788911854702]
[678842.150825117, 0, 0, 0, 0.99954876335942322]
[690123.5565532965, 0, 0, 0, 0.9821887709629159]
[691030.8298781198, 0, 0, 0, 0.97972179363257894]
[0, 0, 0, 664821.9591675369, 8.2474033789081829e-40]
[0, 684005.372349672, 0, 0, 6.202623208177412e-41]
[667000.4021190631, 0, 0, 0, 0.99060189578572033]
[707802.6996536059, 0, 0, 0, 0.90789380949034726]
[689566.2995480568, 0, 0, 0, 0.98362681435549904]
[0, 0, 666286.9215068271, 0, 6.7862327944938589e-40]
[688441.4695793854, 0, 0, 0, 0.98634929859943821]
[702444.7098878911, 0, 0, 0, 0.9359548723425769]
[0, 708338.8125102321, 0, 0, 2.0948982897249845e-42]
[715460.3547948292, 0, 0, 0, 0.86062233979188962]
[684140.3778500236, 0, 0, 0, 0.99450550296338158]
[688376.9548731146, 0, 0, 0, 0.98649810572360364]
[708526.848747544, 0, 0, 0, 0.90376822985571914]
[687625.6325803247, 0, 0, 0, 0.98817215811202297]
[697876.9781862698, 0, 0, 0, 0.95621585808970844]
[643263.4312398473, 0, 0, 0, 0.89411697966736781]
[689441.800445724, 0, 0, 0, 0.9839400297123807]
[711850.7475352535, 0, 0, 0, 0.88388063168127518]
[0, 684559.5077286098, 0, 0, 5.7496287000567386e-41]
[670515.0154177574, 0, 0, 0, 0.99616008907461762]
[662336.6932362833, 0, 0, 0, 0.97953111854335884]
[701071.7429558926, 0, 0, 0, 0.94241264529966828]
[664235.3026021186, 0, 0, 0, 0.98453978577362966]
[702165.8157625914, 0, 0, 0, 0.93729166338279646]
[685146.6763187005, 0, 0, 0, 0.99292037816793344]
[669433.8043051393, 0, 0, 0, 0.99470856761031334]
[691282.5727791904, 0, 0, 0, 0.97900981007825505]
[721535.0469177541, 0, 0, 0, 0.81802722898063585]
[684745.1773067961, 0, 0, 0, 0.99357664400831247]
[673249.7311956008, 0, 0, 0, 0.99879805740850647]
[686611.0529068629, 0, 0, 0, 0.99025985875560263]
[678816.5744839363, 0, 0, 0, 0.99955956037699201]
[660380.5797776654, 0, 0, 0, 0.97366295450130802]
[704922.094072918, 0, 0, 0, 0.92353285016394548]
[666793.2316843893, 0, 0, 0, 0.99019888363694064]
[657328.0653950564, 0, 0, 0, 0.96310223701263098]
[670085.8119117138, 0, 0, 0, 0.99561149298142715]
[647622.4667684917, 0, 0, 0, 0.91883094249526509]
[663204.0789590586, 0, 0, 0, 0.98190399919156013]
[0, 0, 677191.3891944875, 0, 1.5681622433108917e-40]
[661134.7671307586, 0, 0, 0, 0.97600974194691581]
[693632.9549326322, 0, 0, 0, 0.97179280641275945]
[744203.7999321925, 0, 0, 0, 0.63417035281534961]
[662447.5843224996, 0, 0, 0, 0.97984237963879506]
[0, 697175.0771469563, 0, 0, 1.0060164480541559e-41]
[669979.5845486852, 0, 0, 0, 0.99547010074789399]
[701718.8705018096, 0, 0, 0, 0.93940746143769782]
[0, 0, 716062.7826941615, 0, 6.9718914004032633e-43]
[706027.7749976338, 0, 0, 0, 0.91767848987442613]
[711592.3886811617, 0, 0, 0, 0.88548076471359838]
[665930.8337852187, 0, 0, 0, 0.9884318310017739]
[682953.5327413888, 0, 0, 0, 0.99611896233399144]
[660147.1769730961, 0, 0, 0, 0.9729153977942252]
[651420.2861469261, 0, 0, 0, 0.93800893591749457]
[694125.206893201, 0, 0, 0, 0.97015230318549106]
[668678.9738831121, 0, 0, 0, 0.9935587579259354]
[679943.0026106335, 0, 0, 0, 0.99896026901082524]
