[0, 0, 0, 560354.342700227, 0.87348232235837153]
[0, 0, 0, 559273.5190455753, 0.87605712233816446]
[0, 0, 0, 591863.1540297208, 0.72342286809109302]
[0, 0, 0, 567134.9243871418, 0.85294225979930538]
[0, 0, 0, 600570.8203359008, 0.66307176297186121]
[0, 0, 536931.8741249869, 0, 1.1380177787566864e-24]
[0, 0, 0, 639111.8143481791, 0.37586181752509984]
[0, 0, 0, 572941.6030656885, 0.82965060367746035]
[0, 0, 0, 601640.7019623556, 0.65532686592288669]
[0, 0, 0, 580158.8557668169, 0.79408610584338191]
[0, 0, 0, 556411.6710242192, 0.88191583855142275]
[0, 0, 585080.9491805353, 0, 7.1102566501852194e-27]
[0, 0, 0, 541547.506369989, 0.88924029452940534]
[0, 0, 0, 579143.0543651988, 0.7995014346574103]
[0, 0, 0, 562445.2422595117, 0.86794693050399629]
[0, 0, 0, 524281.7872656223, 0.84937442233617333]
[0, 0, 0, 609026.6801448987, 0.60050942077220004]
[0, 0, 0, 614525.3200025641, 0.55872631270766437]
[0, 0, 0, 569035.0358468143, 0.84587712007728066]
[0, 0, 0, 557028.5614531193, 0.88077161855067243]
[0, 0, 0, 543058.9866146753, 0.89028772371811282]
[0, 0, 0, 554301.7341529522, 0.88533112175042805]
[0, 0, 0, 587642.6082513793, 0.75051488060655835]
[0, 0, 578375.0550282568, 0, 1.4823495356785298e-26]
[0, 0, 0, 571775.0796905323, 0.83472982829435405]
[0, 0, 0, 560044.4948560669, 0.87424056895945168]
[0, 0, 0, 541854.4290164461, 0.8894857709755416]
[562019.0987735235, 0, 0, 0, 1.8867597506225825e-27]
[0, 0, 575543.9320120624, 0, 2.0159621560772006e-26]
[0, 576540.9574859394, 0, 0, 3.611218340495932e-28]
[0, 0, 0, 577976.0662908186, 0.8055631263097629]
[0, 0, 0, 609119.0844719366, 0.59981203852087339]
[0, 0, 0, 565584.4082290618, 0.85829187844489951]
[0, 0, 0, 565256.2175900803, 0.85937551468443474]
[0, 0, 0, 544621.7369124211, 0.89094384446067543]
[0, 0, 0, 598028.6879785652, 0.68121764197228252]
[0, 0, 0, 616915.6803925534, 0.54046112877296915]
[0, 0, 0, 535323.4251799239, 0.88068962579161614]
[0, 0, 0, 598324.3175318531, 0.67912726317133598]
[0, 0, 0, 557840.4126950076, 0.87916606103742168]
[0, 0, 0, 585335.200025694, 0.76460032787745236]
[0, 0, 0, 569907.7602751608, 0.84244784089888569]
[0, 0, 0, 560290.3963665619, 0.8736401290131085]
[0, 0, 0, 592683.1670963223, 0.71797689741643833]
[0, 604349.0688767089, 0, 0, 1.3536412172600645e-29]
[0, 0, 0, 570637.2157991794, 0.83949407178916602]
[0, 0, 0, 551346.0932885862, 0.88880584963075737]
[0, 0, 0, 553643.3522825136, 0.8862379857108067]
[0, 0, 0, 605619.9200001513, 0.62604769548824857]
[0, 0, 0, 603981.3695930765, 0.63818704886576438]
[0, 0, 0, 611616.9962244645, 0.58088792446453164]
[0, 572802.4221149901, 0, 0, 5.5496301930208968e-28]
[0, 0, 0, 584741.0733926184, 0.76813731187913659]
[0, 0, 0, 566350.4270517615, 0.85569618677774217]
[0, 582529.2528080441, 0, 0, 1.8039157774994453e-28]
[0, 0, 0, 572842.3653685227, 0.83009028648849714]
[0, 0, 0, 516585.17368786625, 0.81634826414055961]
[0, 0, 0, 562471.7278381883, 0.86787217168897202]
[0, 0, 0, 583772.5650353926, 0.77382107238598286]
[0, 0, 0, 583127.5691642787, 0.77754866403996781]
[0, 0, 0, 554042.6822326232, 0.88569699477310704]
[0, 0, 0, 554498.0707269426, 0.88504601250564485]
[0, 598282.2628066224, 0, 0, 2.8078280985455923e-29]
[0, 0, 0, 588632.0703550528, 0.74431169356963545]
[0, 0, 0, 570754.4928724186, 0.83901181986354101]
[0, 0, 0, 553412.6436275659, 0.88653780169679508]
[0, 0, 0, 561470.7369913395, 0.87061714369615006]
[0, 0, 0, 567360.5184516624, 0.85213255073366978]
[0, 0, 0, 551049.9053557479, 0.88906917169826993]
[0, 0, 0, 577366.1237263826, 0.8086619701882809]
[0, 0, 0, 557976.6236650915, 0.87888562059892517]
[534554.9808194458, 0, 0, 0, 3.8340428997508439e-26]
[0, 0, 0, 553838.9856533497, 0.88597644136433151]
[0, 0, 0, 563254.3608673087, 0.86561118141164606]
[0, 545154.4994829589, 0, 0, 1.2207674948534053e-26]
[0, 0, 0, 566032.4893651019, 0.85678478547712744]
[0, 0, 0, 599857.5612315336, 0.66820085675448293]
[552699.2060032642, 0, 0, 0, 5.3322135229128881e-27]
[0, 0, 0, 572741.8044762379, 0.83053440084289865]
[0, 0, 0, 564576.4592426479, 0.86156529505868928]
[0, 0, 0, 579680.7045622298, 0.79665106837787658]
[0, 0, 0, 561310.2156675335, 0.87104190062139708]
[0, 0, 0, 612669.5587093723, 0.57287950923136122]
[0, 0, 0, 572470.6211004845, 0.83172484761799115]
[0, 0, 0, 560117.0162531049, 0.87406454304311754]
[0, 0, 0, 558861.8549590915, 0.87698592282836618]
[0, 0, 0, 585247.1026918602, 0.7651271739365908]
[0, 0, 0, 533613.5272269452, 0.87716419675996671]
[0, 0, 582179.1506065021, 0, 9.7820929038332131e-27]
[0, 0, 0, 540012.2210938609, 0.88776226880487952]
[0, 0, 0, 569699.6583825925, 0.84327595425345681]
[0, 0, 0, 567856.8449254031, 0.85032335721061869]
[0, 0, 0, 553988.8396210192, 0.88577156631359411]
[0, 0, 0, 623348.9562542374, 0.4914174756469129]
[0, 0, 570323.5138319285, 0, 3.5390063393521181e-26]
[0, 0, 0, 572310.341957787, 0.83242349006600991]
[0, 0, 0, 570326.422258083, 0.84076223297424346]
[0, 0, 0, 546074.2962609996, 0.89116372739064253]
[0, 0, 0, 535374.7590323596, 0.88078772025225727]
[0, 0, 0, 596477.3679223871, 0.69209453575572977]
[574596.4348470188, 0, 0, 0, 1.4017794217340209e-28]
[0, 635812.7726822605, 0, 0, 0.35441862263688834]
[0, 0, 0, 638074.427366221, 6.3616744759573965e-32]
[0, 622137.0452732345, 0, 0, 0.43453531644134513]
[0, 610943.3660268437, 0, 0, 0.49932125171328123]
[0, 629625.25102476, 0, 0, 0.39045776526043846]
[0, 601676.4296652372, 0, 0, 0.54968225753025812]
[0, 583694.2483049467, 0, 0, 0.63068175055608544]
[0, 582768.8744686117, 0, 0, 0.63404856143108634]
[0, 636956.3093475081, 0, 0, 0.34784010725544073]
[0, 563749.0823356048, 0, 0, 0.68104014541808167]
[0, 578031.3951760705, 0, 0, 0.64982300430714024]
[0, 633433.9491255615, 0, 0, 0.36819614853791161]
[0, 651507.9161986208, 0, 0, 0.26786645539390486]
[0, 592746.7949434561, 0, 0, 0.59329081638718884]
[0, 624039.0163356048, 0, 0, 0.42333888239344136]
[0, 0, 573784.4331502013, 0, 1.7426941101407404e-25]
[0, 649835.377864377, 0, 0, 0.27662720946065161]
[0, 623007.0855545279, 0, 0, 0.42941587375321916]
[0, 0, 0, 657708.2241960525, 4.9966285072229317e-33]
[0, 616759.0630842656, 0, 0, 0.46599455524061106]
[0, 579144.9340716809, 0, 0, 0.64634108686112735]
[0, 589630.6000651539, 0, 0, 0.60702684836413101]
[0, 581070.7340083792, 0, 0, 0.63998858753101784]
[0, 652247.7910977607, 0, 0, 0.26403290282117042]
[0, 598677.6682590971, 0, 0, 0.56496114839294898]
[0, 614044.1053833183, 0, 0, 0.48167162149725401]
[0, 631840.9449756329, 0, 0, 0.37748165309254073]
[0, 606700.3252184961, 0, 0, 0.52289374472814221]
[0, 604295.2714686486, 0, 0, 0.53588850888740769]
[0, 0, 0, 606388.9954559392, 3.2813586000271181e-30]
[0, 614513.5044013092, 0, 0, 0.4789744170321199]
[0, 601768.0583932925, 0, 0, 0.54920641434466322]
[0, 601439.4412769165, 0, 0, 0.55091060012371629]
[0, 597129.2256055097, 0, 0, 0.57261277061423732]
[0, 599606.3467654304, 0, 0, 0.56029231840538396]
[0, 610512.4327670061, 0, 0, 0.50174844353979653]
[0, 598017.6643850182, 0, 0, 0.56824329110707539]
[0, 604692.8277375743, 0, 0, 0.53376100012661409]
[614315.2828556054, 0, 0, 0, 1.2469396258035549e-30]
[0, 590076.3555023881, 0, 0, 0.60511468479598274]
[0, 618783.6990519444, 0, 0, 0.45420063519887033]
[0, 605036.634433101, 0, 0, 0.53191438429969573]
[0, 604896.1697493477, 0, 0, 0.53266958070562853]
[0, 611145.9649635983, 0, 0, 0.49817779874970169]
[0, 622776.6647988028, 0, 0, 0.43077215056569679]
[0, 587346.4412062569, 0, 0, 0.61653589849551427]
[0, 612807.6644428575, 0, 0, 0.48874613426123276]
[0, 612609.6966379026, 0, 0, 0.4898745413293113]
[0, 617934.0687229943, 0, 0, 0.4591589525282348]
[0, 614965.0903664338, 0, 0, 0.47637401042757399]
[0, 635963.8293920431, 0, 0, 0.35354784537739903]
[0, 631690.0054304868, 0, 0, 0.37836356269020777]
[0, 659833.3222582637, 0, 0, 0.22632480184888276]
[0, 588042.7278170116, 0, 0, 0.61368939810015755]
[0, 592698.7874095183, 0, 0, 0.59350879766911091]
[0, 581446.2461397882, 0, 0, 0.6387020085187689]
[0, 591595.3230035873, 0, 0, 0.59846523837412047]
[0, 601634.4321855969, 0, 0, 0.54990018657431261]
[0, 590795.1286476679, 0, 0, 0.60199364120300947]
[0, 638295.5360557261, 0, 0, 0.34017777584514591]
[0, 619540.7387940012, 0, 0, 0.4497730795818623]
[0, 607682.6404334072, 0, 0, 0.51750503600764075]
[0, 621860.9347234971, 0, 0, 0.43615891129041856]
[0, 628746.5647883905, 0, 0, 0.39561885025360299]
[0, 575078.0274430326, 0, 0, 0.65835775512979733]
[0, 569271.9239848113, 0, 0, 0.67203804630964015]
[0, 622660.9573333091, 0, 0, 0.431453101707861]
[0, 624040.2150684979, 0, 0, 0.42333182093095717]
[0, 605651.3576037448, 0, 0, 0.5285974137223608]
[0, 566954.2443549777, 0, 0, 0.67630343526462788]
[0, 606086.4913839767, 0, 0, 0.52623795516004235]
[0, 617675.7461470313, 0, 0, 0.46066400349254394]
[638803.9784183862, 0, 0, 0, 5.7958191802641503e-32]
[0, 630992.3780355181, 0, 0, 0.38244386365532712]
[0, 618104.4797004274, 0, 0, 0.45816544161714062]
[0, 0, 614726.8904925236, 0, 2.2173842665604422e-27]
[0, 587956.4013264515, 0, 0, 0.61404482917356495]
[0, 622946.700145427, 0, 0, 0.42977133540065493]
[0, 593883.6995328242, 0, 0, 0.58807273462961429]
[0, 606827.9776791091, 0, 0, 0.52219601613527822]
[0, 659729.3601340431, 0, 0, 0.22682095207925262]
[599528.619047083, 0, 0, 0, 7.5049471216968025e-30]
[0, 630310.9191191895, 0, 0, 0.38643576026898308]
[0, 599546.2971440315, 0, 0, 0.56059596524493827]
[0, 624519.117223725, 0, 0, 0.42051045136240917]
[0, 0, 587762.3822280423, 0, 4.0784796922675597e-26]
[0, 634840.4408915561, 0, 0, 0.36003593322246352]
[624606.6186548031, 0, 0, 0, 3.4842792615702907e-31]
[0, 595760.3903186211, 0, 0, 0.57923176689702138]
[0, 595034.33917419, 0, 0, 0.58268494893744638]
[0, 614519.8584970575, 0, 0, 0.47893786490585727]
[0, 593949.4752978891, 0, 0, 0.58776760043664511]
[0, 574379.9290161027, 0, 0, 0.66022315310848934]
[0, 636269.765890183, 0, 0, 0.35178588289392981]
[0, 646056.9735929073, 0, 0, 0.29687570626844301]
[0, 0, 624697.3570495212, 0, 7.2815644582701085e-28]
[0, 625765.6038816685, 0, 0, 0.41316597194399152]
[0, 584826.1559130738, 0, 0, 0.62644190785242404]
[0, 0, 0, 632820.7841381562, 1.2403449597045698e-31]
[665803.7147106095, 0, 0, 0, 0.98815920112989952]
[0, 0, 721339.0380879411, 0, 3.2657081811131827e-43]
[709706.3089926322, 0, 0, 0, 0.8968873792540516]
[721862.1129676721, 0, 0, 0, 0.81562384802514709]
[692230.2277501554, 0, 0, 0, 0.97622330759404019]
[739374.4685475507, 0, 0, 0, 0.67530736231563038]
[672607.639466739, 0, 0, 0, 0.99831218429118196]
[0, 0, 679480.6453104472, 0, 1.1495003995885594e-40]
[699543.8141928877, 0, 0, 0, 0.94923085431475873]
[656123.5779655416, 0, 0, 0, 0.95847509933070973]
[714527.686391504, 0, 0, 0, 0.86678902279587977]
[657018.4736783705, 0, 0, 0, 0.96193743665779685]
[702189.8724683078, 0, 0, 0, 0.93717685448736865]
[0, 0, 0, 619495.1564295688, 2.7830347946615583e-37]
[0, 0, 0, 696984.5444111952, 1.0330976603444626e-41]
[0, 0, 695529.6550258069, 0, 1.2651075507901341e-41]
[0, 0, 0, 707942.4260879459, 2.2158685941323053e-42]
[663419.636782721, 0, 0, 0, 0.98247165058478714]
[666661.7847855549, 0, 0, 0, 0.98993885653749525]
[720199.2229731285, 0, 0, 0, 0.82773313661121217]
[698264.5525920284, 0, 0, 0, 0.9546344558987403]
[0, 0, 0, 677831.3967291131, 1.4378974016668264e-40]
[642870.4307498194, 0, 0, 0, 0.89175520792585428]
[702540.5821390415, 0, 0, 0, 0.93549241822474094]
[675546.4138651886, 0, 0, 0, 0.999862823442215]
[669939.1845887823, 0, 0, 0, 0.99541574263935839]
[0, 0, 0, 678453.2412820435, 1.3215986302878614e-40]
[696725.2846346428, 0, 0, 0, 0.96076020054108247]
[687755.0890719028, 0, 0, 0, 0.98789146123655658]
[687546.2882118779, 0, 0, 0, 0.98834260029287957]
[670335.3923221282, 0, 0, 0, 0.99593492781853143]
[708086.7286576706, 0, 0, 0, 0.90628474529136127]
[703518.2864282174, 0, 0, 0, 0.93069164847380925]
[687592.2603208878, 0, 0, 0, 0.98824399416602038]
[666105.8702493772, 0, 0, 0, 0.98880212187323269]
[630428.1274181919, 0, 0, 0, 0.80712861490218202]
[750511.2531855172, 0, 0, 0, 0.58010325010292396]
[702738.9969446338, 0, 0, 0, 0.93453060362361973]
[688007.102575959, 0, 0, 0, 0.98733576424664105]
[649888.2653679277, 0, 0, 0, 0.93054788911854702]
[678842.150825117, 0, 0, 0, 0.99954876335942322]
[690123.5565532965, 0, 0, 0, 0.9821887709629159]
[691030.8298781198, 0, 0, 0, 0.97972179363257894]
[0, 0, 0, 664821.9591675369, 8.2474033789081829e-40]
[0, 684005.372349672, 0, 0, 6.202623208177412e-41]
[667000.4021190631, 0, 0, 0, 0.99060189578572033]
[707802.6996536059, 0, 0, 0, 0.90789380949034726]
[689566.2995480568, 0, 0, 0, 0.98362681435549904]
[0, 0, 666286.9215068271, 0, 6.7862327944938589e-40]
[688441.4695793854, 0, 0, 0, 0.98634929859943821]
[702444.7098878911, 0, 0, 0, 0.9359548723425769]
[0, 708338.8125102321, 0, 0, 2.0948982897249845e-42]
[715460.3547948292, 0, 0, 0, 0.86062233979188962]
[684140.3778500236, 0, 0, 0, 0.99450550296338158]
[688376.9548731146, 0, 0, 0, 0.98649810572360364]
[708526.848747544, 0, 0, 0, 0.90376822985571914]
[687625.6325803247, 0, 0, 0, 0.98817215811202297]
[697876.9781862698, 0, 0, 0, 0.95621585808970844]
[643263.4312398473, 0, 0, 0, 0.89411697966736781]
[689441.800445724, 0, 0, 0, 0.9839400297123807]
[711850.7475352535, 0, 0, 0, 0.88388063168127518]
[0, 684559.5077286098, 0, 0, 5.7496287000567386e-41]
[670515.0154177574, 0, 0, 0, 0.99616008907461762]
[662336.6932362833, 0, 0, 0, 0.97953111854335884]
[701071.7429558926, 0, 0, 0, 0.94241264529966828]
[664235.3026021186, 0, 0, 0, 0.98453978577362966]
[702165.8157625914, 0, 0, 0, 0.93729166338279646]
[685146.6763187005, 0, 0, 0, 0.99292037816793344]
[669433.8043051393, 0, 0, 0, 0.99470856761031334]
[691282.5727791904, 0, 0, 0, 0.97900981007825505]
[721535.0469177541, 0, 0, 0, 0.81802722898063585]
[684745.1773067961, 0, 0, 0, 0.99357664400831247]
[673249.7311956008, 0, 0, 0, 0.99879805740850647]
[686611.0529068629, 0, 0, 0, 0.99025985875560263]
[678816.5744839363, 0, 0, 0, 0.99955956037699201]
[660380.5797776654, 0, 0, 0, 0.97366295450130802]
[704922.094072918, 0, 0, 0, 0.92353285016394548]
[666793.2316843893, 0, 0, 0, 0.99019888363694064]
[657328.0653950564, 0, 0, 0, 0.96310223701263098]
[670085.8119117138, 0, 0, 0, 0.99561149298142715]
[647622.4667684917, 0, 0, 0, 0.91883094249526509]
[663204.0789590586, 0, 0, 0, 0.98190399919156013]
[0, 0, 677191.3891944875, 0, 1.5681622433108917e-40]
[661134.7671307586, 0, 0, 0, 0.97600974194691581]
[693632.9549326322, 0, 0, 0, 0.97179280641275945]
[744203.7999321925, 0, 0, 0, 0.63417035281534961]
[662447.5843224996, 0, 0, 0, 0.97984237963879506]
[0, 697175.0771469563, 0, 0, 1.0060164480541559e-41]
[669979.5845486852, 0, 0, 0, 0.99547010074789399]
[701718.8705018096, 0, 0, 0, 0.93940746143769782]
[0, 0, 716062.7826941615, 0, 6.9718914004032633e-43]
[706027.7749976338, 0, 0, 0, 0.91767848987442613]
[711592.3886811617, 0, 0, 0, 0.88548076471359838]
[665930.8337852187, 0, 0, 0, 0.9884318310017739]
[682953.5327413888, 0, 0, 0, 0.99611896233399144]
[660147.1769730961, 0, 0, 0, 0.9729153977942252]
[651420.2861469261, 0, 0, 0, 0.93800893591749457]
[694125.206893201, 0, 0, 0, 0.97015230318549106]
[668678.9738831121, 0, 0, 0, 0.9935587579259354]
[679943.0026106335, 0, 0, 0, 0.99896026901082524]
