[25, 76661.3680837769, 202, 80207.92510916204, 0, 0, 0, 0, 560354.342700227]
[28, 33258.29679277898, 183, 72419.88239870002, 0, 0, 0, 0, 559273.5190455753]
[31, 49367.00414085774, 215, 86731.11252645482, 0, 0, 0, 0, 591863.1540297208]
[30, 50057.739233517976, 169, 66383.0189984012, 0, 0, 0, 0, 567134.9243871418]
[27, 87345.64767072242, 203, 80348.28784126985, 0, 0, 0, 0, 600570.8203359008]
[24, 40339.74869512605, 211, 82223.46863318922, 0, 0, 0, 536931.8741249869, 0]
[29, 42074.01222844401, 178, 72121.8607295509, 0, 0, 0, 0, 639111.8143481791]
[17, 17489.741871832124, 206, 84006.52484165503, 0, 0, 0, 0, 572941.6030656885]
[26, 51548.6501666363, 211, 84264.7651440601, 0, 0, 0, 0, 601640.7019623556]
[26, 74131.74455030602, 148, 59338.33265641774, 0, 0, 0, 0, 580158.8557668169]
[26, 42217.86842404267, 233, 93279.47008455227, 0, 0, 0, 0, 556411.6710242192]
[26, 37102.944111249635, 228, 87711.96012294393, 0, 0, 0, 585080.9491805353, 0]
[32, 53629.96892625627, 204, 79204.26481318899, 0, 0, 0, 0, 541547.506369989]
[26, 42188.54084991261, 214, 85050.79788213159, 0, 0, 0, 0, 579143.0543651988]
[24, 44850.409812980004, 221, 88629.82453502389, 0, 0, 0, 0, 562445.2422595117]
[20, 56065.445680719306, 216, 85701.93382694438, 0, 0, 0, 0, 524281.7872656223]
[32, 45555.378330820335, 173, 69230.99347628941, 0, 0, 0, 0, 609026.6801448987]
[21, 49005.44907726587, 203, 82751.07760753932, 0, 0, 0, 0, 614525.3200025641]
[26, 39948.06352931873, 185, 72589.91748354385, 0, 0, 0, 0, 569035.0358468143]
[37, 37442.690523047444, 207, 82858.13279761175, 0, 0, 0, 0, 557028.5614531193]
[22, 65983.2692146609, 173, 68232.99116521601, 0, 0, 0, 0, 543058.9866146753]
[20, 27325.056328246472, 190, 76099.12818899655, 0, 0, 0, 0, 554301.7341529522]
[28, 75702.493897075, 215, 86030.56373811964, 0, 0, 0, 0, 587642.6082513793]
[33, 81934.26621256821, 212, 84157.92462863082, 0, 0, 0, 578375.0550282568, 0]
[22, 43191.012744378175, 197, 77174.13184232543, 0, 0, 0, 0, 571775.0796905323]
[29, 42631.657949773085, 212, 82314.47966321834, 0, 0, 0, 0, 560044.4948560669]
[28, 67302.2095965256, 193, 75597.45803860428, 0, 0, 0, 0, 541854.4290164461]
[23, 59726.44781705615, 173, 68803.19612169737, 0, 562019.0987735235, 0, 0, 0]
[31, 33995.86892336049, 229, 92295.77252855379, 0, 0, 0, 575543.9320120624, 0]
[27, 55266.92458532022, 218, 86920.92741407499, 0, 0, 576540.9574859394, 0, 0]
[32, 36725.54900135634, 211, 86213.01793668943, 0, 0, 0, 0, 577976.0662908186]
[18, 52935.4145920092, 236, 95472.60253634998, 0, 0, 0, 0, 609119.0844719366]
[25, 17072.932673376115, 197, 78972.29279189526, 0, 0, 0, 0, 565584.4082290618]
[27, 50191.12165748924, 222, 87336.31997644855, 0, 0, 0, 0, 565256.2175900803]
[24, 68628.57438190452, 216, 87886.31271518947, 0, 0, 0, 0, 544621.7369124211]
[30, 59566.82446468875, 225, 88124.94313543563, 0, 0, 0, 0, 598028.6879785652]
[22, 62033.15254461869, 192, 75333.66037078717, 0, 0, 0, 0, 616915.6803925534]
[25, 41541.82224142991, 149, 61020.16650360341, 0, 0, 0, 0, 535323.4251799239]
[30, 85783.62781131564, 185, 73629.92409739956, 0, 0, 0, 0, 598324.3175318531]
[27, 58314.196656022694, 192, 77533.47421944917, 0, 0, 0, 0, 557840.4126950076]
[25, 82439.31317315996, 224, 87793.5548049302, 0, 0, 0, 0, 585335.200025694]
[36, 7377.0289535767415, 239, 94485.09521259979, 0, 0, 0, 0, 569907.7602751608]
[27, 6466.02607441736, 213, 84870.03933066911, 0, 0, 0, 0, 560290.3963665619]
[23, 24729.633625806055, 220, 88013.11025230822, 0, 0, 0, 0, 592683.1670963223]
[24, 44029.51194929973, 175, 69778.9365517632, 0, 0, 604349.0688767089, 0, 0]
[29, 35491.08092388835, 167, 66360.15091714569, 0, 0, 0, 0, 570637.2157991794]
[24, 68116.17139424999, 195, 78278.18931625984, 0, 0, 0, 0, 551346.0932885862]
[34, 35758.934433019145, 201, 82236.77148978056, 0, 0, 0, 0, 553643.3522825136]
[18, 41781.95598815869, 247, 99257.69754461433, 0, 0, 0, 0, 605619.9200001513]
[21, 61678.03127493747, 192, 77730.83004086556, 0, 0, 0, 0, 603981.3695930765]
[20, 39427.56099081854, 190, 74917.44372519817, 0, 0, 0, 0, 611616.9962244645]
[38, 48656.589210101854, 176, 69290.68282448078, 0, 0, 572802.4221149901, 0, 0]
[28, 51202.28022475245, 223, 89039.22094145037, 0, 0, 0, 0, 584741.0733926184]
[26, 42415.09976539712, 223, 86552.3503207318, 0, 0, 0, 0, 566350.4270517615]
[28, 41809.514838498, 213, 84911.86151528204, 0, 0, 582529.2528080441, 0, 0]
[26, 90160.76285586873, 173, 69135.8810517029, 0, 0, 0, 0, 572842.3653685227]
[34, 86552.84424932394, 180, 71711.40838928886, 0, 0, 0, 0, 516585.17368786625]
[27, 68137.09103934535, 195, 79486.29462805144, 0, 0, 0, 0, 562471.7278381883]
[31, 55936.685084606615, 178, 71282.68855786567, 0, 0, 0, 0, 583772.5650353926]
[33, 30464.20610381684, 201, 80424.47549972721, 0, 0, 0, 0, 583127.5691642787]
[32, 26426.30000242616, 219, 90284.70352751395, 0, 0, 0, 0, 554042.6822326232]
[30, 42830.078198125695, 184, 73313.95375469657, 0, 0, 0, 0, 554498.0707269426]
[25, 41416.65003837455, 212, 83910.55444137743, 0, 0, 598282.2628066224, 0, 0]
[31, 83036.51907953036, 181, 71071.79415988775, 0, 0, 0, 0, 588632.0703550528]
[26, 56271.13276270167, 191, 79022.9680463087, 0, 0, 0, 0, 570754.4928724186]
[34, 41641.91410765794, 230, 92081.76279200453, 0, 0, 0, 0, 553412.6436275659]
[32, 48493.041289193694, 187, 75747.29584296588, 0, 0, 0, 0, 561470.7369913395]
[27, 43492.11971290049, 252, 99540.2804769643, 0, 0, 0, 0, 567360.5184516624]
[24, 68710.92309373981, 184, 71209.08842147463, 0, 0, 0, 0, 551049.9053557479]
[20, 73428.41209740768, 203, 81912.36470685733, 0, 0, 0, 0, 577366.1237263826]
[19, 33404.25135727654, 224, 88163.96034639131, 0, 0, 0, 0, 557976.6236650915]
[19, 63738.28393438454, 231, 92697.39705405702, 0, 534554.9808194458, 0, 0, 0]
[34, 70206.21678918859, 198, 76595.35171472735, 0, 0, 0, 0, 553838.9856533497]
[32, 53140.55824513568, 183, 72271.6184987766, 0, 0, 0, 0, 563254.3608673087]
[26, 77526.22042071162, 162, 64240.17889943726, 0, 0, 545154.4994829589, 0, 0]
[21, 51429.26035458645, 237, 91861.04641120735, 0, 0, 0, 0, 566032.4893651019]
[34, 66620.57213452102, 190, 77098.41085766668, 0, 0, 0, 0, 599857.5612315336]
[31, 72791.40111949574, 204, 81540.23742127833, 0, 552699.2060032642, 0, 0, 0]
[22, 57076.175122658744, 215, 86544.04840142721, 0, 0, 0, 0, 572741.8044762379]
[19, 58544.01325632476, 190, 74119.55704420646, 0, 0, 0, 0, 564576.4592426479]
[29, 82291.00687462822, 186, 73732.06311440482, 0, 0, 0, 0, 579680.7045622298]
[30, 1353.1097683000035, 201, 79050.42197907771, 0, 0, 0, 0, 561310.2156675335]
[25, 30315.011295220735, 206, 83344.57709646069, 0, 0, 0, 0, 612669.5587093723]
[20, 66651.22137279062, 202, 80950.46131433213, 0, 0, 0, 0, 572470.6211004845]
[24, 28946.217727220017, 189, 75841.40147278817, 0, 0, 0, 0, 560117.0162531049]
[22, 30194.637658401938, 201, 80211.56618980889, 0, 0, 0, 0, 558861.8549590915]
[43, 46134.80519492, 228, 90978.83955360155, 0, 0, 0, 0, 585247.1026918602]
[38, 69977.8898131114, 206, 80961.48109216595, 0, 0, 0, 0, 533613.5272269452]
[28, 22881.05294104155, 178, 71522.94130725616, 0, 0, 0, 582179.1506065021, 0]
[32, 51846.33125019037, 202, 80327.62036216694, 0, 0, 0, 0, 540012.2210938609]
[31, 25900.588831561043, 169, 69012.10839223, 0, 0, 0, 0, 569699.6583825925]
[19, 60944.21897442388, 205, 80548.36148421337, 0, 0, 0, 0, 567856.8449254031]
[30, 55195.43802030787, 203, 81755.23272432348, 0, 0, 0, 0, 553988.8396210192]
[18, 41755.041058155904, 216, 84243.76973909677, 0, 0, 0, 0, 623348.9562542374]
[22, 37089.274485336835, 171, 68709.07759996301, 0, 0, 0, 570323.5138319285, 0]
[27, 47174.29358226326, 233, 93642.66744489188, 0, 0, 0, 0, 572310.341957787]
[21, 30377.878771596468, 188, 74216.80020420814, 0, 0, 0, 0, 570326.422258083]
[22, 22689.067639607933, 195, 78101.16526846457, 0, 0, 0, 0, 546074.2962609996]
[26, 41930.38426629643, 231, 91211.86839143814, 0, 0, 0, 0, 535374.7590323596]
[34, 68115.73955477419, 176, 69868.9375244985, 0, 0, 0, 0, 596477.3679223871]
[36, 408383.673055497, 101, 36641.31366427707, 0, 574596.4348470188, 0, 0, 0]
[43, 472217.69273371296, 89, 30800.20631442762, 0, 0, 635812.7726822605, 0, 0]
[38, 376802.0753555076, 87, 32020.635258148635, 0, 0, 0, 0, 638074.427366221]
[48, 603801.7289607732, 107, 35175.98858176329, 0, 0, 622137.0452732345, 0, 0]
[40, 602065.5200643908, 97, 36460.828583354705, 0, 0, 610943.3660268437, 0, 0]
[27, 354099.3983704252, 104, 36084.006321974426, 0, 0, 629625.25102476, 0, 0]
[42, 353094.6477026558, 104, 37364.44548996308, 0, 0, 601676.4296652372, 0, 0]
[37, 668217.4029503681, 106, 39668.596591765556, 0, 0, 583694.2483049467, 0, 0]
[42, 380681.0510536318, 86, 29981.14712931034, 0, 0, 582768.8744686117, 0, 0]
[50, 537920.6159001269, 103, 35725.78588711295, 0, 0, 636956.3093475081, 0, 0]
[40, 573285.96293946, 103, 34393.97776598689, 0, 0, 563749.0823356048, 0, 0]
[38, 619155.7090224603, 111, 38950.06751581505, 0, 0, 578031.3951760705, 0, 0]
[37, 694060.9597895083, 109, 37364.21871133517, 0, 0, 633433.9491255615, 0, 0]
[38, 597087.5108937734, 101, 34985.47330950264, 0, 0, 651507.9161986208, 0, 0]
[35, 561603.177641116, 105, 37400.49795445215, 0, 0, 592746.7949434561, 0, 0]
[36, 646371.9158145725, 102, 33731.14667221421, 0, 0, 624039.0163356048, 0, 0]
[34, 474570.3311716668, 118, 36631.834600104514, 0, 0, 0, 573784.4331502013, 0]
[35, 639911.6986109245, 108, 37300.09308756441, 0, 0, 649835.377864377, 0, 0]
[44, 570774.8494436481, 95, 34874.47492144628, 0, 0, 623007.0855545279, 0, 0]
[44, 464250.321482319, 97, 33338.7648006177, 0, 0, 0, 0, 657708.2241960525]
[35, 444052.3611175687, 99, 34994.73056696976, 0, 0, 616759.0630842656, 0, 0]
[25, 574519.5445405955, 83, 29885.291018436987, 0, 0, 579144.9340716809, 0, 0]
[46, 498699.8452143769, 97, 32817.4167256637, 0, 0, 589630.6000651539, 0, 0]
[37, 582857.9595579806, 105, 36966.38127063196, 0, 0, 581070.7340083792, 0, 0]
[33, 498175.10181764123, 84, 29644.98493548093, 0, 0, 652247.7910977607, 0, 0]
[47, 477905.23834893655, 93, 30131.55262606239, 0, 0, 598677.6682590971, 0, 0]
[40, 592805.8977941594, 94, 31347.038253982646, 0, 0, 614044.1053833183, 0, 0]
[36, 645507.9915443897, 109, 39745.32799764738, 0, 0, 631840.9449756329, 0, 0]
[44, 192749.61901348163, 97, 35129.485530345424, 0, 0, 606700.3252184961, 0, 0]
[30, 433945.28249996196, 87, 29962.728674052905, 0, 0, 604295.2714686486, 0, 0]
[35, 539508.0353968098, 96, 32936.25313250312, 0, 0, 0, 0, 606388.9954559392]
[37, 333558.6169997948, 91, 31649.84545044871, 0, 0, 614513.5044013092, 0, 0]
[49, 740235.1188072197, 106, 34926.389076778316, 0, 0, 601768.0583932925, 0, 0]
[36, 490928.75592269213, 91, 30840.69189463638, 0, 0, 601439.4412769165, 0, 0]
[36, 532984.4555549639, 96, 33828.738846469714, 0, 0, 597129.2256055097, 0, 0]
[29, 407384.4259868142, 85, 28485.085949827513, 0, 0, 599606.3467654304, 0, 0]
[30, 455429.6760106507, 98, 33404.4967068622, 0, 0, 610512.4327670061, 0, 0]
[40, 608770.0257992949, 99, 34040.34717592105, 0, 0, 598017.6643850182, 0, 0]
[45, 525710.2986510819, 117, 39183.08107027997, 0, 0, 604692.8277375743, 0, 0]
[34, 417781.60176970065, 88, 31157.877884018977, 0, 614315.2828556054, 0, 0, 0]
[43, 442729.1526187924, 96, 34505.653002559164, 0, 0, 590076.3555023881, 0, 0]
[49, 318405.3698391989, 97, 36502.77239461002, 0, 0, 618783.6990519444, 0, 0]
[39, 306928.1853559165, 103, 33503.632684709395, 0, 0, 605036.634433101, 0, 0]
[44, 556082.9269365338, 113, 37868.511329014145, 0, 0, 604896.1697493477, 0, 0]
[39, 559761.3531346845, 103, 35141.249899802664, 0, 0, 611145.9649635983, 0, 0]
[52, 485340.3721675908, 102, 35564.53635716818, 0, 0, 622776.6647988028, 0, 0]
[43, 512755.82321276993, 102, 34177.49357116796, 0, 0, 587346.4412062569, 0, 0]
[35, 244998.2344438218, 115, 35286.47503355839, 0, 0, 612807.6644428575, 0, 0]
[34, 461669.2984916939, 109, 38923.11712992757, 0, 0, 612609.6966379026, 0, 0]
[39, 474257.3421341397, 78, 25180.303066347227, 0, 0, 617934.0687229943, 0, 0]
[49, 660394.0255163673, 101, 32328.8416511888, 0, 0, 614965.0903664338, 0, 0]
[43, 482572.64602152177, 97, 31553.522017502553, 0, 0, 635963.8293920431, 0, 0]
[37, 360323.72418170876, 94, 32569.655768837703, 0, 0, 631690.0054304868, 0, 0]
[36, 634136.1530538168, 122, 41296.190575708904, 0, 0, 659833.3222582637, 0, 0]
[35, 507086.3419867869, 112, 39666.85214297335, 0, 0, 588042.7278170116, 0, 0]
[46, 544940.0912672256, 103, 34272.185398667054, 0, 0, 592698.7874095183, 0, 0]
[38, 537297.4615362723, 99, 33663.490369509476, 0, 0, 581446.2461397882, 0, 0]
[34, 569014.9513082502, 97, 34561.07531976851, 0, 0, 591595.3230035873, 0, 0]
[47, 479436.1983872027, 105, 36921.689282981264, 0, 0, 601634.4321855969, 0, 0]
[35, 454271.31384454446, 98, 34692.19206797504, 0, 0, 590795.1286476679, 0, 0]
[30, 568821.2699970664, 117, 41207.269635567376, 0, 0, 638295.5360557261, 0, 0]
[37, 442405.9995614076, 100, 35242.869534218735, 0, 0, 619540.7387940012, 0, 0]
[32, 438140.0783584657, 97, 32357.113487716262, 0, 0, 607682.6404334072, 0, 0]
[23, 447189.27953917277, 114, 37091.080941814915, 0, 0, 621860.9347234971, 0, 0]
[38, 518709.5273297076, 101, 34263.962176534995, 0, 0, 628746.5647883905, 0, 0]
[43, 449570.8328887926, 89, 30581.530607156878, 0, 0, 575078.0274430326, 0, 0]
[29, 558269.8235680639, 109, 36187.94810145906, 0, 0, 569271.9239848113, 0, 0]
[50, 727764.0141094928, 105, 36234.41556244232, 0, 0, 622660.9573333091, 0, 0]
[49, 549077.6044784201, 97, 31349.12360001767, 0, 0, 624040.2150684979, 0, 0]
[47, 635225.8680016651, 98, 34481.099994865, 0, 0, 605651.3576037448, 0, 0]
[49, 652980.0129927692, 112, 37117.84644899217, 0, 0, 566954.2443549777, 0, 0]
[30, 447583.38369569223, 102, 36307.80543294741, 0, 0, 606086.4913839767, 0, 0]
[44, 480768.65607240715, 109, 37316.511609559806, 0, 0, 617675.7461470313, 0, 0]
[45, 379544.45184192725, 97, 32732.86110451789, 0, 638803.9784183862, 0, 0, 0]
[41, 450130.0927591396, 99, 36148.90240041126, 0, 0, 630992.3780355181, 0, 0]
[29, 516899.92720266705, 103, 39185.6203630399, 0, 0, 618104.4797004274, 0, 0]
[37, 463250.4263361412, 102, 37132.88232286614, 0, 0, 0, 614726.8904925236, 0]
[47, 613807.6569361178, 97, 33271.25660798933, 0, 0, 587956.4013264515, 0, 0]
[30, 647806.278966008, 118, 38392.28763917253, 0, 0, 622946.700145427, 0, 0]
[47, 664520.2592912957, 120, 42700.545709242324, 0, 0, 593883.6995328242, 0, 0]
[28, 816194.8432427672, 90, 31245.535040988074, 0, 0, 606827.9776791091, 0, 0]
[42, 401391.2862785345, 112, 35911.17859535034, 0, 0, 659729.3601340431, 0, 0]
[38, 529653.2032669936, 89, 31610.049675506514, 0, 599528.619047083, 0, 0, 0]
[44, 601642.7228449091, 96, 34249.3513037962, 0, 0, 630310.9191191895, 0, 0]
[39, 584362.1498132813, 95, 31302.9194302323, 0, 0, 599546.2971440315, 0, 0]
[35, 532571.4823146726, 94, 30269.162879844065, 0, 0, 624519.117223725, 0, 0]
[52, 606460.6002038218, 94, 33071.01933293549, 0, 0, 0, 587762.3822280423, 0]
[29, 428271.38587785274, 107, 39549.3808795071, 0, 0, 634840.4408915561, 0, 0]
[40, 558340.0308347942, 104, 37145.67002860097, 0, 624606.6186548031, 0, 0, 0]
[43, 567591.9067779228, 105, 39122.603787270484, 0, 0, 595760.3903186211, 0, 0]
[41, 395575.9328538755, 91, 32684.13828812925, 0, 0, 595034.33917419, 0, 0]
[47, 446490.3677337554, 104, 33300.095394470685, 0, 0, 614519.8584970575, 0, 0]
[40, 372279.56022961554, 109, 37076.75705189512, 0, 0, 593949.4752978891, 0, 0]
[38, 758135.8141013599, 105, 37289.46600629666, 0, 0, 574379.9290161027, 0, 0]
[39, 542367.4773745284, 94, 30066.4342806831, 0, 0, 636269.765890183, 0, 0]
[48, 638410.8157208845, 93, 29412.009982544758, 0, 0, 646056.9735929073, 0, 0]
[34, 592385.1180617751, 70, 21556.851502799524, 0, 0, 0, 624697.3570495212, 0]
[44, 357007.6102420434, 112, 39739.54444841385, 0, 0, 625765.6038816685, 0, 0]
[33, 449089.44408028625, 97, 33618.59402156182, 0, 0, 584826.1559130738, 0, 0]
[40, 415951.20286220557, 110, 38385.11416369068, 0, 0, 0, 0, 632820.7841381562]
[48, 256544.75607104282, 47, 5938.300328558985, 0, 665803.7147106095, 0, 0, 0]
[48, 270813.6159352299, 47, 5554.922837921514, 0, 0, 0, 721339.0380879411, 0]
[62, 506813.75716270815, 47, 6202.592814362268, 0, 709706.3089926322, 0, 0, 0]
[47, 763838.6282394355, 54, 6762.002846393346, 0, 721862.1129676721, 0, 0, 0]
[56, 632962.1741878559, 45, 6840.42699136364, 0, 692230.2277501554, 0, 0, 0]
[59, 253887.56597404717, 57, 7223.0251059475695, 0, 739374.4685475507, 0, 0, 0]
[75, 606578.5000850696, 50, 5263.715809231462, 0, 672607.639466739, 0, 0, 0]
[55, 457356.97860092245, 50, 5339.687866172411, 0, 0, 0, 679480.6453104472, 0]
[53, 168041.757255566, 59, 6912.565895236282, 0, 699543.8141928877, 0, 0, 0]
[58, 477386.93357463344, 50, 6248.376348591993, 0, 656123.5779655416, 0, 0, 0]
[59, 503102.9778963142, 52, 6824.304209817288, 0, 714527.686391504, 0, 0, 0]
[50, 499746.3304155145, 47, 4883.455349932679, 0, 657018.4736783705, 0, 0, 0]
[53, 841070.4115681873, 60, 9003.352541535514, 0, 702189.8724683078, 0, 0, 0]
[53, 395700.90522437793, 55, 7265.151224533603, 0, 0, 0, 0, 619495.1564295688]
[52, 422551.8788026116, 47, 5120.327348257506, 0, 0, 0, 0, 696984.5444111952]
[52, 642634.851149298, 45, 5432.307285439705, 0, 0, 0, 695529.6550258069, 0]
[47, 174014.80915039137, 50, 5407.695314618941, 0, 0, 0, 0, 707942.4260879459]
[45, 736322.6353960144, 47, 5587.819853533301, 0, 663419.636782721, 0, 0, 0]
[55, 140068.48237940026, 52, 7073.627731022596, 0, 666661.7847855549, 0, 0, 0]
[43, 489594.13334830326, 50, 6184.280464203824, 0, 720199.2229731285, 0, 0, 0]
[54, 558011.0624733367, 46, 5275.176542087059, 0, 698264.5525920284, 0, 0, 0]
[38, 432456.3298582013, 55, 6532.865918705891, 0, 0, 0, 0, 677831.3967291131]
[43, 370177.98630030226, 41, 5320.62000701305, 0, 642870.4307498194, 0, 0, 0]
[50, 348094.5743279111, 48, 5240.560473363054, 0, 702540.5821390415, 0, 0, 0]
[51, 183300.80495183886, 52, 7684.714144490103, 0, 675546.4138651886, 0, 0, 0]
[55, 307609.6192488948, 53, 6649.274538571139, 0, 669939.1845887823, 0, 0, 0]
[46, 367841.07372918364, 57, 6299.813264229035, 0, 0, 0, 0, 678453.2412820435]
[64, 409106.74900687236, 57, 7157.138782167066, 0, 696725.2846346428, 0, 0, 0]
[54, 240057.7659613144, 59, 7404.885417975231, 0, 687755.0890719028, 0, 0, 0]
[50, 493030.9017639614, 50, 5481.504299655477, 0, 687546.2882118779, 0, 0, 0]
[53, 546638.5932454565, 45, 4455.489641388711, 0, 670335.3923221282, 0, 0, 0]
[55, 652066.573000282, 43, 4570.113165516073, 0, 708086.7286576706, 0, 0, 0]
[48, 501358.7817049769, 40, 4678.650532192689, 0, 703518.2864282174, 0, 0, 0]
[58, 474690.11461691756, 49, 6051.2319751261675, 0, 687592.2603208878, 0, 0, 0]
[58, 561205.701527316, 42, 5949.6580232362385, 0, 666105.8702493772, 0, 0, 0]
[44, 701216.3120139883, 51, 5686.740699257144, 0, 630428.1274181919, 0, 0, 0]
[56, 476912.58548749675, 61, 5639.175527519426, 0, 750511.2531855172, 0, 0, 0]
[48, 793840.4959382253, 59, 7015.772149228064, 0, 702738.9969446338, 0, 0, 0]
[52, 318531.2765730895, 51, 7454.5148290816815, 0, 688007.102575959, 0, 0, 0]
[53, 456285.17872124, 38, 5320.211375189139, 0, 649888.2653679277, 0, 0, 0]
[55, 292004.19221192115, 48, 4820.059296851369, 0, 678842.150825117, 0, 0, 0]
[52, 429276.3383302882, 50, 5741.360266381649, 0, 690123.5565532965, 0, 0, 0]
[59, 398613.17033905437, 45, 5076.934116698113, 0, 691030.8298781198, 0, 0, 0]
[48, 271717.96722786914, 52, 7363.205237609986, 0, 0, 0, 0, 664821.9591675369]
[61, 332965.63346738415, 51, 6610.994385155285, 0, 0, 684005.372349672, 0, 0]
[47, 459602.6761258883, 54, 6410.048866192375, 0, 667000.4021190631, 0, 0, 0]
[51, 487139.6179059037, 50, 5065.3284266757055, 0, 707802.6996536059, 0, 0, 0]
[73, 335606.61150333344, 49, 6165.608768207757, 0, 689566.2995480568, 0, 0, 0]
[58, 548740.5063076307, 50, 4957.231837888733, 0, 0, 0, 666286.9215068271, 0]
[57, 527965.3885530899, 45, 5249.038288011393, 0, 688441.4695793854, 0, 0, 0]
[53, 514323.25105759996, 57, 6442.494880427077, 0, 702444.7098878911, 0, 0, 0]
[69, 673427.2091557494, 50, 6065.740743656837, 0, 0, 708338.8125102321, 0, 0]
[44, 510900.0888492796, 52, 5266.315038485933, 0, 715460.3547948292, 0, 0, 0]
[61, 415340.3829619979, 47, 6308.1619071722625, 0, 684140.3778500236, 0, 0, 0]
[39, 646910.3731030301, 57, 6225.891845351081, 0, 688376.9548731146, 0, 0, 0]
[57, 773946.4471003916, 51, 5193.931016502859, 0, 708526.848747544, 0, 0, 0]
[60, 616812.800447113, 50, 6702.076076188091, 0, 687625.6325803247, 0, 0, 0]
[65, 410635.27732410224, 50, 6269.320228719388, 0, 697876.9781862698, 0, 0, 0]
[61, 381804.53643080656, 54, 6434.114546914147, 0, 643263.4312398473, 0, 0, 0]
[68, 333706.54562207666, 51, 6596.334676685775, 0, 689441.800445724, 0, 0, 0]
[65, 813084.8583892679, 54, 6298.244118825785, 0, 711850.7475352535, 0, 0, 0]
[54, 288247.53691717784, 52, 6379.031990716704, 0, 0, 684559.5077286098, 0, 0]
[60, 833280.4342735468, 56, 6579.419442128847, 0, 670515.0154177574, 0, 0, 0]
[59, 296310.9169247811, 44, 5672.546212438718, 0, 662336.6932362833, 0, 0, 0]
[45, 460583.77792080404, 57, 7100.691558067311, 0, 701071.7429558926, 0, 0, 0]
[53, 699450.1170136589, 43, 5276.495753299343, 0, 664235.3026021186, 0, 0, 0]
[61, 282463.5166167983, 51, 5631.417281924753, 0, 702165.8157625914, 0, 0, 0]
[62, 303130.1820000596, 53, 6679.320738573499, 0, 685146.6763187005, 0, 0, 0]
[69, 360063.4465367859, 47, 5574.414450183802, 0, 669433.8043051393, 0, 0, 0]
[49, 599500.9447195467, 41, 4769.251712958205, 0, 691282.5727791904, 0, 0, 0]
[45, 228943.57999840908, 48, 5572.961900414977, 0, 721535.0469177541, 0, 0, 0]
[63, 357918.0894803989, 51, 6928.055044512603, 0, 684745.1773067961, 0, 0, 0]
[45, 564186.9733800297, 44, 5778.025624428581, 0, 673249.7311956008, 0, 0, 0]
[42, 490104.98032509675, 50, 5446.508552243212, 0, 686611.0529068629, 0, 0, 0]
[52, 390553.33514682914, 51, 6613.46598530108, 0, 678816.5744839363, 0, 0, 0]
[55, 558177.5546514771, 59, 6994.928253599376, 0, 660380.5797776654, 0, 0, 0]
[40, 754191.2075968394, 48, 5835.440438670569, 0, 704922.094072918, 0, 0, 0]
[47, 554922.9531805548, 47, 6007.829785924323, 0, 666793.2316843893, 0, 0, 0]
[48, 693179.8150287772, 54, 6567.317764744015, 0, 657328.0653950564, 0, 0, 0]
[51, 437336.95281774236, 42, 5061.277400469441, 0, 670085.8119117138, 0, 0, 0]
[62, 478698.3524337001, 42, 4809.5713970859715, 0, 647622.4667684917, 0, 0, 0]
[52, 510986.2469818611, 50, 6580.209768026826, 0, 663204.0789590586, 0, 0, 0]
[58, 589320.4928573846, 63, 7701.6154279992315, 0, 0, 0, 677191.3891944875, 0]
[56, 82459.09876220435, 48, 6138.194603739204, 0, 661134.7671307586, 0, 0, 0]
[49, 390120.7416303144, 58, 6593.757462082573, 0, 693632.9549326322, 0, 0, 0]
[62, 364246.1246046487, 49, 6648.199568638769, 0, 744203.7999321925, 0, 0, 0]
[67, 376625.4047741781, 48, 5207.777012955212, 0, 662447.5843224996, 0, 0, 0]
[50, 392272.0466005496, 52, 6348.251669447328, 0, 0, 697175.0771469563, 0, 0]
[57, 478505.9357087149, 44, 5282.673413922261, 0, 669979.5845486852, 0, 0, 0]
[60, 548261.1047444346, 58, 8289.446588798293, 0, 701718.8705018096, 0, 0, 0]
[58, 421859.72163276, 46, 7522.155043674784, 0, 0, 0, 716062.7826941615, 0]
[65, 702374.0996214233, 61, 8656.271401407497, 0, 706027.7749976338, 0, 0, 0]
[51, 646544.5333694651, 42, 5318.513705115384, 0, 711592.3886811617, 0, 0, 0]
[48, 714117.2795385136, 48, 4703.180837409291, 0, 665930.8337852187, 0, 0, 0]
[64, 422457.8550777739, 52, 5684.162092677929, 0, 682953.5327413888, 0, 0, 0]
[48, 546502.7027280915, 49, 6284.064790087105, 0, 660147.1769730961, 0, 0, 0]
[46, 244065.9108972914, 52, 6274.639943678156, 0, 651420.2861469261, 0, 0, 0]
[65, 816933.9581383378, 50, 6159.1918762788655, 0, 694125.206893201, 0, 0, 0]
[55, 262266.0962242179, 49, 6164.176363794063, 0, 668678.9738831121, 0, 0, 0]
[53, 243436.0179699603, 53, 5605.3064003283225, 0, 679943.0026106335, 0, 0, 0]
